levmax 1
cells 34
numpe 5
ndim   2
xaxis  0.0 1.0
yaxis  0.0 1.0
index   i   j   lev
 1     2   1    0
 2     3   1    0
 3     4   1    0
 4     1   2    0
 5     2   2    0
 6     3   2    0
 7     4   2    0
 8     5   2    0
 9     1   3    0
 10     2   3    0
 11     3   3    0
 12     7   5    1
 13     8   5    1
 14     9   5    1
 15     7   6    1
 16     8   6    1
 17     9   6    1
 18     1   4    0
 19     2   4    0
 20     5   7    1
 21     6   7    1
 22     7   7    1
 23     8   7    1
 24     9   7    1
 25     5   8    1
 26     6   8    1
 27     7   8    1
 28     8   8    1
 29     9   8    1
 30     2   5    0
 31     5   9    1
 32     6   9    1
 33     7   9    1
 34     8   9    1
